367 Coordinates: 
 [425, 271], [426, 271], [427, 271], [422, 272], [423, 272], [424, 272], [425, 272], [426, 272], [427, 272], [206, 277], [207, 277], [208, 277], [209, 277], [210, 277], [211, 277], [212, 277], [213, 277], [214, 277], [215, 277], [460, 315], [461, 315], [462, 315], [463, 315], [464, 315], [465, 315], [466, 315], [467, 315], [468, 315], [469, 315], [460, 316], [461, 316], [462, 316], [463, 316], [464, 316], [465, 316], [466, 316], [467, 316], [468, 316], [469, 316], [184, 324], [185, 324], [190, 324], [191, 324], [192, 324], [182, 325], [183, 325], [184, 325], [185, 325], [186, 325], [187, 325], [188, 325], [189, 325], [190, 325], [191, 325], [192, 325], [193, 325], [182, 326], [183, 326], [184, 326], [185, 326], [186, 326], [187, 326], [188, 326], [189, 326], [190, 326], [191, 326], [192, 326], [536, 394], [537, 394], [538, 394], [539, 394], [540, 394], [541, 394], [542, 394], [543, 394], [544, 394], [545, 394], [546, 394], [547, 394], [548, 394], [549, 394], [550, 394], [536, 395], [537, 395], [538, 395], [539, 395], [540, 395], [541, 395], [542, 395], [543, 395], [544, 395], [545, 395], [546, 395], [547, 395], [548, 395], [549, 395], [550, 395], [551, 395], [536, 396], [537, 396], [538, 396], [539, 396], [540, 396], [541, 396], [542, 396], [543, 396], [544, 396], [545, 396], [546, 396], [547, 396], [548, 396], [549, 396], [550, 396], [551, 396], [552, 396], [538, 397], [539, 397], [540, 397], [541, 397], [542, 397], [543, 397], [544, 397], [545, 397], [546, 397], [547, 397], [548, 397], [549, 397], [550, 397], [551, 397], [552, 397], [553, 397], [538, 398], [539, 398], [540, 398], [541, 398], [542, 398], [543, 398], [544, 398], [545, 398], [546, 398], [547, 398], [548, 398], [549, 398], [550, 398], [551, 398], [552, 398], [553, 398], [554, 398], [540, 399], [541, 399], [542, 399], [543, 399], [544, 399], [545, 399], [546, 399], [547, 399], [548, 399], [549, 399], [550, 399], [551, 399], [552, 399], [553, 399], [554, 399], [555, 399], [148, 414], [149, 414], [150, 414], [133, 415], [134, 415], [135, 415], [140, 415], [141, 415], [142, 415], [143, 415], [144, 415], [145, 415], [146, 415], [147, 415], [148, 415], [149, 415], [150, 415], [151, 415], [152, 415], [153, 415], [132, 416], [133, 416], [134, 416], [135, 416], [136, 416], [137, 416], [138, 416], [139, 416], [140, 416], [141, 416], [142, 416], [143, 416], [144, 416], [145, 416], [146, 416], [147, 416], [148, 416], [149, 416], [150, 416], [151, 416], [152, 416], [153, 416], [130, 417], [131, 417], [132, 417], [133, 417], [134, 417], [135, 417], [136, 417], [137, 417], [138, 417], [139, 417], [140, 417], [141, 417], [142, 417], [143, 417], [144, 417], [145, 417], [146, 417], [147, 417], [148, 417], [149, 417], [150, 417], [151, 417], [152, 417], [153, 417], [130, 418], [131, 418], [132, 418], [133, 418], [134, 418], [135, 418], [136, 418], [137, 418], [138, 418], [139, 418], [140, 418], [141, 418], [142, 418], [143, 418], [144, 418], [145, 418], [146, 418], [147, 418], [148, 418], [149, 418], [150, 418], [151, 418], [152, 418], [130, 419], [131, 419], [132, 419], [133, 419], [134, 419], [135, 419], [136, 419], [137, 419], [138, 419], [139, 419], [140, 419], [141, 419], [142, 419], [143, 419], [144, 419], [145, 419], [146, 419], [147, 419], [148, 419], [149, 419], [150, 419], [151, 419], [129, 420], [130, 420], [131, 420], [132, 420], [133, 420], [134, 420], [135, 420], [136, 420], [137, 420], [138, 420], [139, 420], [140, 420], [141, 420], [142, 420], [143, 420], [144, 420], [145, 420], [146, 420], [147, 420], [148, 420], [149, 420], [150, 420], [151, 420], [128, 421], [129, 421], [130, 421], [131, 421], [132, 421], [133, 421], [134, 421], [135, 421], [136, 421], [137, 421], [138, 421], [139, 421], [140, 421], [141, 421], [142, 421], [143, 421], [144, 421], [145, 421], [146, 421], [147, 421], [148, 421], [149, 421], [150, 421], [151, 421], [128, 422], [129, 422], [130, 422], [131, 422], [132, 422], [133, 422], [134, 422], [135, 422], [136, 422], [137, 422], [138, 422], [139, 422], [140, 422], [141, 422], [142, 422], [143, 422], [144, 422], [145, 422], [146, 422], [147, 422], [148, 422], [149, 422], [150, 422], [128, 423], [129, 423], [130, 423], [131, 423], [132, 423], [133, 423], [134, 423], [135, 423], [136, 423], [137, 423], [138, 423], [139, 423], [140, 423], [141, 423], [142, 423], [143, 423], [144, 423], [145, 423], [146, 423], [147, 423], [130, 424], [131, 424]
RETVAL: 
 True 
 RVEC: 
 [[ 0.03855443]
 [ 1.87075877]
 [ 1.2258401 ]] 
 TVEC: 
 [[ 20.27287811]
 [-20.56860063]
 [ 14.63319462]]
Rotation Matrix: 
 [[-0.61747952 -0.40752017  0.67278998]
 [ 0.45416253  0.51364266  0.72794754]
 [-0.64222694  0.75504869 -0.13208343]] 

Inverse Rotation Matrix: 
 [[-0.61747952  0.45416253 -0.64222694]
 [-0.40752017  0.51364266  0.75504869]
 [ 0.67278998  0.72794754 -0.13208343]] 

Translation Vec: 
 [[ 20.27287811]
 [-20.56860063]
 [ 14.63319462]] 

Point: 
 [[ 39.8]
 [ 55.5]
 [  0. ]] 

inverse of Homogenous transform: 
 [[-12.51808709   9.20718158 -13.0197884 ]
 [  8.38211961 -10.56491075 -15.53029502]
 [  9.84506665  10.65219796  -1.9328026 ]] 

Euler Angles: 
 [[-0.61747952 -0.40752017  0.67278998]
 [ 0.45416253  0.51364266  0.72794754]
 [-0.64222694  0.75504869 -0.13208343]]
379 Coordinates: 
 [422, 271], [423, 271], [424, 271], [425, 271], [426, 271], [427, 271], [422, 272], [423, 272], [424, 272], [425, 272], [426, 272], [427, 272], [206, 277], [207, 277], [208, 277], [209, 277], [210, 277], [211, 277], [212, 277], [213, 277], [214, 277], [215, 277], [460, 315], [461, 315], [462, 315], [463, 315], [464, 315], [465, 315], [466, 315], [467, 315], [468, 315], [469, 315], [460, 316], [461, 316], [462, 316], [463, 316], [464, 316], [465, 316], [466, 316], [467, 316], [468, 316], [469, 316], [184, 324], [188, 324], [189, 324], [190, 324], [191, 324], [192, 324], [182, 325], [183, 325], [184, 325], [185, 325], [186, 325], [187, 325], [188, 325], [189, 325], [190, 325], [191, 325], [192, 325], [193, 325], [182, 326], [183, 326], [184, 326], [185, 326], [186, 326], [187, 326], [188, 326], [189, 326], [190, 326], [191, 326], [192, 326], [549, 393], [536, 394], [537, 394], [538, 394], [539, 394], [540, 394], [541, 394], [542, 394], [543, 394], [544, 394], [545, 394], [546, 394], [547, 394], [548, 394], [549, 394], [550, 394], [536, 395], [537, 395], [538, 395], [539, 395], [540, 395], [541, 395], [542, 395], [543, 395], [544, 395], [545, 395], [546, 395], [547, 395], [548, 395], [549, 395], [550, 395], [551, 395], [536, 396], [537, 396], [538, 396], [539, 396], [540, 396], [541, 396], [542, 396], [543, 396], [544, 396], [545, 396], [546, 396], [547, 396], [548, 396], [549, 396], [550, 396], [551, 396], [552, 396], [538, 397], [539, 397], [540, 397], [541, 397], [542, 397], [543, 397], [544, 397], [545, 397], [546, 397], [547, 397], [548, 397], [549, 397], [550, 397], [551, 397], [552, 397], [553, 397], [538, 398], [539, 398], [540, 398], [541, 398], [542, 398], [543, 398], [544, 398], [545, 398], [546, 398], [547, 398], [548, 398], [549, 398], [550, 398], [551, 398], [552, 398], [553, 398], [554, 398], [540, 399], [541, 399], [542, 399], [543, 399], [544, 399], [545, 399], [546, 399], [547, 399], [548, 399], [549, 399], [550, 399], [551, 399], [552, 399], [553, 399], [554, 399], [555, 399], [548, 400], [550, 400], [551, 400], [552, 400], [553, 400], [554, 400], [148, 414], [149, 414], [133, 415], [134, 415], [135, 415], [140, 415], [141, 415], [142, 415], [143, 415], [144, 415], [145, 415], [146, 415], [147, 415], [148, 415], [149, 415], [150, 415], [151, 415], [152, 415], [153, 415], [132, 416], [133, 416], [134, 416], [135, 416], [136, 416], [137, 416], [138, 416], [139, 416], [140, 416], [141, 416], [142, 416], [143, 416], [144, 416], [145, 416], [146, 416], [147, 416], [148, 416], [149, 416], [150, 416], [151, 416], [152, 416], [153, 416], [130, 417], [131, 417], [132, 417], [133, 417], [134, 417], [135, 417], [136, 417], [137, 417], [138, 417], [139, 417], [140, 417], [141, 417], [142, 417], [143, 417], [144, 417], [145, 417], [146, 417], [147, 417], [148, 417], [149, 417], [150, 417], [151, 417], [152, 417], [153, 417], [130, 418], [131, 418], [132, 418], [133, 418], [134, 418], [135, 418], [136, 418], [137, 418], [138, 418], [139, 418], [140, 418], [141, 418], [142, 418], [143, 418], [144, 418], [145, 418], [146, 418], [147, 418], [148, 418], [149, 418], [150, 418], [151, 418], [152, 418], [130, 419], [131, 419], [132, 419], [133, 419], [134, 419], [135, 419], [136, 419], [137, 419], [138, 419], [139, 419], [140, 419], [141, 419], [142, 419], [143, 419], [144, 419], [145, 419], [146, 419], [147, 419], [148, 419], [149, 419], [150, 419], [151, 419], [129, 420], [130, 420], [131, 420], [132, 420], [133, 420], [134, 420], [135, 420], [136, 420], [137, 420], [138, 420], [139, 420], [140, 420], [141, 420], [142, 420], [143, 420], [144, 420], [145, 420], [146, 420], [147, 420], [148, 420], [149, 420], [150, 420], [151, 420], [128, 421], [129, 421], [130, 421], [131, 421], [132, 421], [133, 421], [134, 421], [135, 421], [136, 421], [137, 421], [138, 421], [139, 421], [140, 421], [141, 421], [142, 421], [143, 421], [144, 421], [145, 421], [146, 421], [147, 421], [148, 421], [149, 421], [150, 421], [151, 421], [128, 422], [129, 422], [130, 422], [131, 422], [132, 422], [133, 422], [134, 422], [135, 422], [136, 422], [137, 422], [138, 422], [139, 422], [140, 422], [141, 422], [142, 422], [143, 422], [144, 422], [145, 422], [146, 422], [147, 422], [148, 422], [149, 422], [150, 422], [128, 423], [129, 423], [130, 423], [131, 423], [132, 423], [133, 423], [134, 423], [135, 423], [136, 423], [137, 423], [138, 423], [139, 423], [140, 423], [141, 423], [142, 423], [143, 423], [144, 423], [145, 423], [146, 423], [147, 423], [148, 423], [129, 424], [130, 424], [131, 424]
RETVAL: 
 True 
 RVEC: 
 [[ 1.62264287]
 [-0.92195076]
 [-1.48126705]] 
 TVEC: 
 [[ -0.76300261]
 [ 30.77653557]
 [-15.32812542]]
Rotation Matrix: 
 [[ 0.07472214 -0.02690745 -0.99684131]
 [-0.88251876 -0.46721943 -0.05354113]
 [-0.46430297  0.88373186 -0.05865796]] 

Inverse Rotation Matrix: 
 [[ 0.07472214 -0.88251876 -0.46430297]
 [-0.02690745 -0.46721943  0.88373186]
 [-0.99684131 -0.05354113 -0.05865796]] 

Translation Vec: 
 [[ -0.76300261]
 [ 30.77653557]
 [-15.32812542]] 

Point: 
 [[ 39.8]
 [ 55.5]
 [  0. ]] 

inverse of Homogenous transform: 
 [[ -0.05701319   0.67336411   0.35426438]
 [ -0.82811802 -14.37939531  27.19820495]
 [ 15.27970857   0.8206851    0.8991166 ]] 

Euler Angles: 
 [[ 0.07472214 -0.02690745 -0.99684131]
 [-0.88251876 -0.46721943 -0.05354113]
 [-0.46430297  0.88373186 -0.05865796]]
380 Coordinates: 
 [422, 271], [423, 271], [424, 271], [425, 271], [426, 271], [427, 271], [424, 272], [425, 272], [206, 277], [207, 277], [208, 277], [209, 277], [210, 277], [211, 277], [212, 277], [213, 277], [214, 277], [215, 277], [461, 314], [462, 314], [463, 314], [464, 314], [465, 314], [468, 314], [469, 314], [460, 315], [461, 315], [462, 315], [463, 315], [464, 315], [465, 315], [466, 315], [467, 315], [468, 315], [469, 315], [462, 316], [463, 316], [464, 316], [465, 316], [186, 324], [187, 324], [188, 324], [189, 324], [190, 324], [191, 324], [192, 324], [193, 324], [182, 325], [183, 325], [184, 325], [185, 325], [186, 325], [187, 325], [188, 325], [189, 325], [190, 325], [191, 325], [192, 325], [193, 325], [183, 326], [184, 326], [185, 326], [186, 326], [187, 326], [188, 326], [189, 326], [190, 326], [191, 326], [536, 393], [537, 393], [538, 393], [539, 393], [540, 393], [541, 393], [542, 393], [543, 393], [544, 393], [545, 393], [546, 393], [547, 393], [548, 393], [549, 393], [536, 394], [537, 394], [538, 394], [539, 394], [540, 394], [541, 394], [542, 394], [543, 394], [544, 394], [545, 394], [546, 394], [547, 394], [548, 394], [549, 394], [550, 394], [551, 394], [536, 395], [537, 395], [538, 395], [539, 395], [540, 395], [541, 395], [542, 395], [543, 395], [544, 395], [545, 395], [546, 395], [547, 395], [548, 395], [549, 395], [550, 395], [551, 395], [536, 396], [537, 396], [538, 396], [539, 396], [540, 396], [541, 396], [542, 396], [543, 396], [544, 396], [545, 396], [546, 396], [547, 396], [548, 396], [549, 396], [550, 396], [551, 396], [552, 396], [553, 396], [538, 397], [539, 397], [540, 397], [541, 397], [542, 397], [543, 397], [544, 397], [545, 397], [546, 397], [547, 397], [548, 397], [549, 397], [550, 397], [551, 397], [552, 397], [553, 397], [538, 398], [539, 398], [540, 398], [541, 398], [542, 398], [543, 398], [544, 398], [545, 398], [546, 398], [547, 398], [548, 398], [549, 398], [550, 398], [551, 398], [552, 398], [553, 398], [554, 398], [555, 398], [540, 399], [541, 399], [542, 399], [543, 399], [544, 399], [545, 399], [546, 399], [547, 399], [548, 399], [549, 399], [550, 399], [551, 399], [552, 399], [553, 399], [554, 399], [555, 399], [144, 414], [145, 414], [151, 414], [152, 414], [153, 414], [136, 415], [137, 415], [138, 415], [139, 415], [140, 415], [141, 415], [142, 415], [143, 415], [144, 415], [145, 415], [146, 415], [147, 415], [148, 415], [149, 415], [150, 415], [151, 415], [152, 415], [153, 415], [130, 416], [131, 416], [132, 416], [133, 416], [134, 416], [135, 416], [136, 416], [137, 416], [138, 416], [139, 416], [140, 416], [141, 416], [142, 416], [143, 416], [144, 416], [145, 416], [146, 416], [147, 416], [148, 416], [149, 416], [150, 416], [151, 416], [152, 416], [153, 416], [130, 417], [131, 417], [132, 417], [133, 417], [134, 417], [135, 417], [136, 417], [137, 417], [138, 417], [139, 417], [140, 417], [141, 417], [142, 417], [143, 417], [144, 417], [145, 417], [146, 417], [147, 417], [148, 417], [149, 417], [150, 417], [151, 417], [152, 417], [153, 417], [130, 418], [131, 418], [132, 418], [133, 418], [134, 418], [135, 418], [136, 418], [137, 418], [138, 418], [139, 418], [140, 418], [141, 418], [142, 418], [143, 418], [144, 418], [145, 418], [146, 418], [147, 418], [148, 418], [149, 418], [150, 418], [151, 418], [152, 418], [130, 419], [131, 419], [132, 419], [133, 419], [134, 419], [135, 419], [136, 419], [137, 419], [138, 419], [139, 419], [140, 419], [141, 419], [142, 419], [143, 419], [144, 419], [145, 419], [146, 419], [147, 419], [148, 419], [149, 419], [150, 419], [151, 419], [129, 420], [130, 420], [131, 420], [132, 420], [133, 420], [134, 420], [135, 420], [136, 420], [137, 420], [138, 420], [139, 420], [140, 420], [141, 420], [142, 420], [143, 420], [144, 420], [145, 420], [146, 420], [147, 420], [148, 420], [149, 420], [150, 420], [151, 420], [128, 421], [129, 421], [130, 421], [131, 421], [132, 421], [133, 421], [134, 421], [135, 421], [136, 421], [137, 421], [138, 421], [139, 421], [140, 421], [141, 421], [142, 421], [143, 421], [144, 421], [145, 421], [146, 421], [147, 421], [148, 421], [149, 421], [150, 421], [128, 422], [129, 422], [130, 422], [131, 422], [132, 422], [133, 422], [134, 422], [135, 422], [136, 422], [137, 422], [138, 422], [139, 422], [140, 422], [141, 422], [142, 422], [143, 422], [144, 422], [145, 422], [146, 422], [147, 422], [148, 422], [149, 422], [128, 423], [129, 423], [130, 423], [131, 423], [132, 423], [133, 423], [134, 423], [135, 423], [136, 423], [137, 423], [138, 423], [139, 423], [140, 423], [141, 423]
RETVAL: 
 True 
 RVEC: 
 [[ 1.53935753]
 [ 0.34277871]
 [-0.40096745]] 
 TVEC: 
 [[-30.25127494]
 [  0.64890676]
 [-15.82041319]]
Rotation Matrix: 
 [[ 0.88898002  0.45653378 -0.03593655]
 [-0.03550212 -0.0095318  -0.99932414]
 [-0.45656777  0.88965502  0.00773434]] 

Inverse Rotation Matrix: 
 [[ 0.88898002 -0.03550212 -0.45656777]
 [ 0.45653378 -0.0095318   0.88965502]
 [-0.03593655 -0.99932414  0.00773434]] 

Translation Vec: 
 [[-30.25127494]
 [  0.64890676]
 [-15.82041319]] 

Point: 
 [[ 39.8]
 [ 55.5]
 [  0. ]] 

inverse of Homogenous transform: 
 [[ -2.68927790e+01   1.07398426e+00   1.38117570e+01]
 [  2.96247856e-01  -6.18524650e-03   5.77303160e-01]
 [  5.68531005e-01   1.58097209e+01  -1.22360444e-01]] 

Euler Angles: 
 [[ 0.88898002  0.45653378 -0.03593655]
 [-0.03550212 -0.0095318  -0.99932414]
 [-0.45656777  0.88965502  0.00773434]]
378 Coordinates: 
 [422, 271], [423, 271], [424, 271], [425, 271], [426, 271], [427, 271], [214, 276], [215, 276], [206, 277], [207, 277], [208, 277], [209, 277], [210, 277], [211, 277], [212, 277], [213, 277], [214, 277], [215, 277], [461, 314], [462, 314], [463, 314], [464, 314], [468, 314], [469, 314], [460, 315], [461, 315], [462, 315], [463, 315], [464, 315], [465, 315], [466, 315], [467, 315], [468, 315], [469, 315], [462, 316], [463, 316], [464, 316], [184, 324], [185, 324], [187, 324], [188, 324], [189, 324], [190, 324], [191, 324], [192, 324], [193, 324], [182, 325], [183, 325], [184, 325], [185, 325], [186, 325], [187, 325], [188, 325], [189, 325], [190, 325], [191, 325], [192, 325], [193, 325], [183, 326], [184, 326], [185, 326], [186, 326], [187, 326], [188, 326], [189, 326], [190, 326], [191, 326], [536, 393], [537, 393], [538, 393], [539, 393], [540, 393], [541, 393], [542, 393], [543, 393], [544, 393], [545, 393], [546, 393], [547, 393], [548, 393], [549, 393], [536, 394], [537, 394], [538, 394], [539, 394], [540, 394], [541, 394], [542, 394], [543, 394], [544, 394], [545, 394], [546, 394], [547, 394], [548, 394], [549, 394], [550, 394], [551, 394], [536, 395], [537, 395], [538, 395], [539, 395], [540, 395], [541, 395], [542, 395], [543, 395], [544, 395], [545, 395], [546, 395], [547, 395], [548, 395], [549, 395], [550, 395], [551, 395], [536, 396], [537, 396], [538, 396], [539, 396], [540, 396], [541, 396], [542, 396], [543, 396], [544, 396], [545, 396], [546, 396], [547, 396], [548, 396], [549, 396], [550, 396], [551, 396], [552, 396], [553, 396], [538, 397], [539, 397], [540, 397], [541, 397], [542, 397], [543, 397], [544, 397], [545, 397], [546, 397], [547, 397], [548, 397], [549, 397], [550, 397], [551, 397], [552, 397], [553, 397], [538, 398], [539, 398], [540, 398], [541, 398], [542, 398], [543, 398], [544, 398], [545, 398], [546, 398], [547, 398], [548, 398], [549, 398], [550, 398], [551, 398], [552, 398], [553, 398], [554, 398], [555, 398], [540, 399], [541, 399], [542, 399], [543, 399], [544, 399], [545, 399], [546, 399], [547, 399], [548, 399], [549, 399], [550, 399], [551, 399], [552, 399], [553, 399], [554, 399], [555, 399], [144, 414], [145, 414], [152, 414], [153, 414], [136, 415], [137, 415], [138, 415], [139, 415], [140, 415], [141, 415], [142, 415], [143, 415], [144, 415], [145, 415], [146, 415], [147, 415], [148, 415], [149, 415], [150, 415], [151, 415], [152, 415], [153, 415], [130, 416], [131, 416], [132, 416], [133, 416], [134, 416], [135, 416], [136, 416], [137, 416], [138, 416], [139, 416], [140, 416], [141, 416], [142, 416], [143, 416], [144, 416], [145, 416], [146, 416], [147, 416], [148, 416], [149, 416], [150, 416], [151, 416], [152, 416], [153, 416], [130, 417], [131, 417], [132, 417], [133, 417], [134, 417], [135, 417], [136, 417], [137, 417], [138, 417], [139, 417], [140, 417], [141, 417], [142, 417], [143, 417], [144, 417], [145, 417], [146, 417], [147, 417], [148, 417], [149, 417], [150, 417], [151, 417], [152, 417], [130, 418], [131, 418], [132, 418], [133, 418], [134, 418], [135, 418], [136, 418], [137, 418], [138, 418], [139, 418], [140, 418], [141, 418], [142, 418], [143, 418], [144, 418], [145, 418], [146, 418], [147, 418], [148, 418], [149, 418], [150, 418], [151, 418], [152, 418], [130, 419], [131, 419], [132, 419], [133, 419], [134, 419], [135, 419], [136, 419], [137, 419], [138, 419], [139, 419], [140, 419], [141, 419], [142, 419], [143, 419], [144, 419], [145, 419], [146, 419], [147, 419], [148, 419], [149, 419], [150, 419], [151, 419], [128, 420], [129, 420], [130, 420], [131, 420], [132, 420], [133, 420], [134, 420], [135, 420], [136, 420], [137, 420], [138, 420], [139, 420], [140, 420], [141, 420], [142, 420], [143, 420], [144, 420], [145, 420], [146, 420], [147, 420], [148, 420], [149, 420], [150, 420], [151, 420], [128, 421], [129, 421], [130, 421], [131, 421], [132, 421], [133, 421], [134, 421], [135, 421], [136, 421], [137, 421], [138, 421], [139, 421], [140, 421], [141, 421], [142, 421], [143, 421], [144, 421], [145, 421], [146, 421], [147, 421], [148, 421], [149, 421], [150, 421], [128, 422], [129, 422], [130, 422], [131, 422], [132, 422], [133, 422], [134, 422], [135, 422], [136, 422], [137, 422], [138, 422], [139, 422], [140, 422], [141, 422], [142, 422], [143, 422], [144, 422], [145, 422], [146, 422], [147, 422], [148, 422], [149, 422], [128, 423], [129, 423], [130, 423], [131, 423], [132, 423], [133, 423], [134, 423], [135, 423], [136, 423], [137, 423], [138, 423], [139, 423], [140, 423], [141, 423]
RETVAL: 
 True 
 RVEC: 
 [[-0.95095423]
 [ 1.35932717]
 [ 2.7639442 ]] 
 TVEC: 
 [[ 13.69211008]
 [  4.16724449]
 [ -0.48853492]]
Rotation Matrix: 
 [[-0.82288395 -0.17815531 -0.53955787]
 [-0.31859311 -0.6416061   0.69773923]
 [-0.47048957  0.74605784  0.47120831]] 

Inverse Rotation Matrix: 
 [[-0.82288395 -0.31859311 -0.47048957]
 [-0.17815531 -0.6416061   0.74605784]
 [-0.53955787  0.69773923  0.47120831]] 

Translation Vec: 
 [[ 13.69211008]
 [  4.16724449]
 [ -0.48853492]] 

Point: 
 [[ 39.8]
 [ 55.5]
 [  0. ]] 

inverse of Homogenous transform: 
 [[-11.26701759  -4.36221198  -6.441995  ]
 [ -0.74241673  -2.6737295    3.1090054 ]
 [  0.26359286  -0.34086998  -0.23020172]] 

Euler Angles: 
 [[-0.82288395 -0.17815531 -0.53955787]
 [-0.31859311 -0.6416061   0.69773923]
 [-0.47048957  0.74605784  0.47120831]]
369 Coordinates: 
 [424, 271], [425, 271], [426, 271], [427, 271], [422, 272], [423, 272], [424, 272], [425, 272], [426, 272], [427, 272], [206, 277], [207, 277], [208, 277], [209, 277], [210, 277], [211, 277], [212, 277], [213, 277], [214, 277], [215, 277], [462, 314], [460, 315], [461, 315], [462, 315], [463, 315], [464, 315], [465, 315], [466, 315], [467, 315], [468, 315], [469, 315], [460, 316], [461, 316], [462, 316], [463, 316], [464, 316], [465, 316], [466, 316], [467, 316], [468, 316], [469, 316], [184, 324], [185, 324], [188, 324], [189, 324], [193, 324], [182, 325], [183, 325], [184, 325], [185, 325], [186, 325], [187, 325], [188, 325], [189, 325], [190, 325], [191, 325], [192, 325], [193, 325], [182, 326], [183, 326], [184, 326], [185, 326], [186, 326], [187, 326], [188, 326], [189, 326], [190, 326], [191, 326], [542, 393], [543, 393], [544, 393], [545, 393], [546, 393], [547, 393], [548, 393], [549, 393], [536, 394], [537, 394], [538, 394], [539, 394], [540, 394], [541, 394], [542, 394], [543, 394], [544, 394], [545, 394], [546, 394], [547, 394], [548, 394], [549, 394], [550, 394], [536, 395], [537, 395], [538, 395], [539, 395], [540, 395], [541, 395], [542, 395], [543, 395], [544, 395], [545, 395], [546, 395], [547, 395], [548, 395], [549, 395], [550, 395], [551, 395], [536, 396], [537, 396], [538, 396], [539, 396], [540, 396], [541, 396], [542, 396], [543, 396], [544, 396], [545, 396], [546, 396], [547, 396], [548, 396], [549, 396], [550, 396], [551, 396], [552, 396], [538, 397], [539, 397], [540, 397], [541, 397], [542, 397], [543, 397], [544, 397], [545, 397], [546, 397], [547, 397], [548, 397], [549, 397], [550, 397], [551, 397], [552, 397], [553, 397], [538, 398], [539, 398], [540, 398], [541, 398], [542, 398], [543, 398], [544, 398], [545, 398], [546, 398], [547, 398], [548, 398], [549, 398], [550, 398], [551, 398], [552, 398], [553, 398], [554, 398], [540, 399], [541, 399], [542, 399], [543, 399], [544, 399], [545, 399], [546, 399], [547, 399], [548, 399], [549, 399], [550, 399], [551, 399], [552, 399], [553, 399], [554, 399], [555, 399], [148, 414], [132, 415], [133, 415], [138, 415], [139, 415], [140, 415], [141, 415], [142, 415], [143, 415], [144, 415], [145, 415], [146, 415], [147, 415], [148, 415], [149, 415], [150, 415], [151, 415], [152, 415], [153, 415], [132, 416], [133, 416], [134, 416], [135, 416], [136, 416], [137, 416], [138, 416], [139, 416], [140, 416], [141, 416], [142, 416], [143, 416], [144, 416], [145, 416], [146, 416], [147, 416], [148, 416], [149, 416], [150, 416], [151, 416], [152, 416], [153, 416], [130, 417], [131, 417], [132, 417], [133, 417], [134, 417], [135, 417], [136, 417], [137, 417], [138, 417], [139, 417], [140, 417], [141, 417], [142, 417], [143, 417], [144, 417], [145, 417], [146, 417], [147, 417], [148, 417], [149, 417], [150, 417], [151, 417], [152, 417], [153, 417], [130, 418], [131, 418], [132, 418], [133, 418], [134, 418], [135, 418], [136, 418], [137, 418], [138, 418], [139, 418], [140, 418], [141, 418], [142, 418], [143, 418], [144, 418], [145, 418], [146, 418], [147, 418], [148, 418], [149, 418], [150, 418], [151, 418], [152, 418], [130, 419], [131, 419], [132, 419], [133, 419], [134, 419], [135, 419], [136, 419], [137, 419], [138, 419], [139, 419], [140, 419], [141, 419], [142, 419], [143, 419], [144, 419], [145, 419], [146, 419], [147, 419], [148, 419], [149, 419], [150, 419], [151, 419], [129, 420], [130, 420], [131, 420], [132, 420], [133, 420], [134, 420], [135, 420], [136, 420], [137, 420], [138, 420], [139, 420], [140, 420], [141, 420], [142, 420], [143, 420], [144, 420], [145, 420], [146, 420], [147, 420], [148, 420], [149, 420], [150, 420], [151, 420], [128, 421], [129, 421], [130, 421], [131, 421], [132, 421], [133, 421], [134, 421], [135, 421], [136, 421], [137, 421], [138, 421], [139, 421], [140, 421], [141, 421], [142, 421], [143, 421], [144, 421], [145, 421], [146, 421], [147, 421], [148, 421], [149, 421], [150, 421], [128, 422], [129, 422], [130, 422], [131, 422], [132, 422], [133, 422], [134, 422], [135, 422], [136, 422], [137, 422], [138, 422], [139, 422], [140, 422], [141, 422], [142, 422], [143, 422], [144, 422], [145, 422], [146, 422], [147, 422], [148, 422], [149, 422], [128, 423], [129, 423], [130, 423], [131, 423], [132, 423], [133, 423], [134, 423], [135, 423], [136, 423], [137, 423], [138, 423], [139, 423], [140, 423], [141, 423], [142, 423], [143, 423], [144, 423], [145, 423]
RETVAL: 
 True 
 RVEC: 
 [[ 0.46392894]
 [-1.55912113]
 [ 1.743205  ]] 
 TVEC: 
 [[ 36.16754907]
 [ -3.7709073 ]
 [ 27.58077135]]
Rotation Matrix: 
 [[-0.66132051 -0.72195035 -0.20357524]
 [ 0.28255303  0.01164539 -0.95918099]
 [ 0.69485176 -0.69184686  0.19628793]] 

Inverse Rotation Matrix: 
 [[-0.66132051  0.28255303  0.69485176]
 [-0.72195035  0.01164539 -0.69184686]
 [-0.20357524 -0.95918099  0.19628793]] 

Translation Vec: 
 [[ 36.16754907]
 [ -3.7709073 ]
 [ 27.58077135]] 

Point: 
 [[ 39.8]
 [ 55.5]
 [  0. ]] 

inverse of Homogenous transform: 
 [[-23.91834187  10.21925059  25.13108524]
 [  2.72240785  -0.04391367   2.60889038]
 [ -5.61476223 -26.45495154   5.41377244]] 

Euler Angles: 
 [[-0.66132051 -0.72195035 -0.20357524]
 [ 0.28255303  0.01164539 -0.95918099]
 [ 0.69485176 -0.69184686  0.19628793]]
374 Coordinates: 
 [422, 271], [423, 271], [424, 271], [425, 271], [426, 271], [427, 271], [212, 276], [213, 276], [214, 276], [215, 276], [206, 277], [207, 277], [208, 277], [209, 277], [210, 277], [211, 277], [212, 277], [213, 277], [214, 277], [215, 277], [461, 314], [462, 314], [463, 314], [464, 314], [465, 314], [466, 314], [460, 315], [461, 315], [462, 315], [463, 315], [464, 315], [465, 315], [466, 315], [467, 315], [468, 315], [469, 315], [462, 316], [463, 316], [464, 316], [465, 316], [184, 324], [185, 324], [186, 324], [187, 324], [188, 324], [189, 324], [190, 324], [191, 324], [192, 324], [193, 324], [182, 325], [183, 325], [184, 325], [185, 325], [186, 325], [187, 325], [188, 325], [189, 325], [190, 325], [191, 325], [192, 325], [193, 325], [185, 326], [186, 326], [187, 326], [188, 326], [189, 326], [190, 326], [191, 326], [538, 393], [539, 393], [540, 393], [541, 393], [542, 393], [543, 393], [544, 393], [545, 393], [546, 393], [547, 393], [548, 393], [549, 393], [536, 394], [537, 394], [538, 394], [539, 394], [540, 394], [541, 394], [542, 394], [543, 394], [544, 394], [545, 394], [546, 394], [547, 394], [548, 394], [549, 394], [550, 394], [551, 394], [536, 395], [537, 395], [538, 395], [539, 395], [540, 395], [541, 395], [542, 395], [543, 395], [544, 395], [545, 395], [546, 395], [547, 395], [548, 395], [549, 395], [550, 395], [551, 395], [536, 396], [537, 396], [538, 396], [539, 396], [540, 396], [541, 396], [542, 396], [543, 396], [544, 396], [545, 396], [546, 396], [547, 396], [548, 396], [549, 396], [550, 396], [551, 396], [552, 396], [553, 396], [538, 397], [539, 397], [540, 397], [541, 397], [542, 397], [543, 397], [544, 397], [545, 397], [546, 397], [547, 397], [548, 397], [549, 397], [550, 397], [551, 397], [552, 397], [553, 397], [538, 398], [539, 398], [540, 398], [541, 398], [542, 398], [543, 398], [544, 398], [545, 398], [546, 398], [547, 398], [548, 398], [549, 398], [550, 398], [551, 398], [552, 398], [553, 398], [554, 398], [555, 398], [540, 399], [541, 399], [542, 399], [543, 399], [544, 399], [545, 399], [546, 399], [547, 399], [548, 399], [549, 399], [550, 399], [551, 399], [552, 399], [553, 399], [554, 399], [555, 399], [146, 414], [132, 415], [138, 415], [139, 415], [140, 415], [141, 415], [142, 415], [143, 415], [144, 415], [145, 415], [146, 415], [147, 415], [148, 415], [149, 415], [150, 415], [151, 415], [152, 415], [153, 415], [132, 416], [133, 416], [134, 416], [135, 416], [136, 416], [137, 416], [138, 416], [139, 416], [140, 416], [141, 416], [142, 416], [143, 416], [144, 416], [145, 416], [146, 416], [147, 416], [148, 416], [149, 416], [150, 416], [151, 416], [152, 416], [153, 416], [130, 417], [131, 417], [132, 417], [133, 417], [134, 417], [135, 417], [136, 417], [137, 417], [138, 417], [139, 417], [140, 417], [141, 417], [142, 417], [143, 417], [144, 417], [145, 417], [146, 417], [147, 417], [148, 417], [149, 417], [150, 417], [151, 417], [152, 417], [153, 417], [130, 418], [131, 418], [132, 418], [133, 418], [134, 418], [135, 418], [136, 418], [137, 418], [138, 418], [139, 418], [140, 418], [141, 418], [142, 418], [143, 418], [144, 418], [145, 418], [146, 418], [147, 418], [148, 418], [149, 418], [150, 418], [151, 418], [152, 418], [130, 419], [131, 419], [132, 419], [133, 419], [134, 419], [135, 419], [136, 419], [137, 419], [138, 419], [139, 419], [140, 419], [141, 419], [142, 419], [143, 419], [144, 419], [145, 419], [146, 419], [147, 419], [148, 419], [149, 419], [150, 419], [151, 419], [129, 420], [130, 420], [131, 420], [132, 420], [133, 420], [134, 420], [135, 420], [136, 420], [137, 420], [138, 420], [139, 420], [140, 420], [141, 420], [142, 420], [143, 420], [144, 420], [145, 420], [146, 420], [147, 420], [148, 420], [149, 420], [150, 420], [151, 420], [128, 421], [129, 421], [130, 421], [131, 421], [132, 421], [133, 421], [134, 421], [135, 421], [136, 421], [137, 421], [138, 421], [139, 421], [140, 421], [141, 421], [142, 421], [143, 421], [144, 421], [145, 421], [146, 421], [147, 421], [148, 421], [149, 421], [150, 421], [128, 422], [129, 422], [130, 422], [131, 422], [132, 422], [133, 422], [134, 422], [135, 422], [136, 422], [137, 422], [138, 422], [139, 422], [140, 422], [141, 422], [142, 422], [143, 422], [144, 422], [145, 422], [146, 422], [147, 422], [148, 422], [149, 422], [128, 423], [129, 423], [130, 423], [131, 423], [132, 423], [133, 423], [134, 423], [135, 423], [136, 423], [137, 423], [138, 423], [139, 423], [140, 423], [141, 423], [142, 423], [143, 423]
RETVAL: 
 True 
 RVEC: 
 [[-0.92904591]
 [ 1.8744119 ]
 [ 1.30585365]] 
 TVEC: 
 [[ 39.7881664 ]
 [ -0.83218767]
 [ 22.09082679]]
Rotation Matrix: 
 [[-0.52774198 -0.84087452  0.12007682]
 [-0.17870728  0.24811892  0.95210331]
 [-0.83039274  0.48100629 -0.28121317]] 

Inverse Rotation Matrix: 
 [[-0.52774198 -0.17870728 -0.83039274]
 [-0.84087452  0.24811892  0.48100629]
 [ 0.12007682  0.95210331 -0.28121317]] 

Translation Vec: 
 [[ 39.7881664 ]
 [ -0.83218767]
 [ 22.09082679]] 

Point: 
 [[ 39.8]
 [ 55.5]
 [  0. ]] 

inverse of Homogenous transform: 
 [[-20.99788589  -7.11043514 -33.03980457]
 [  0.6997654   -0.2064815   -0.4002875 ]
 [  2.65259627  21.03274927  -6.21223146]] 

Euler Angles: 
 [[-0.52774198 -0.84087452  0.12007682]
 [-0.17870728  0.24811892  0.95210331]
 [-0.83039274  0.48100629 -0.28121317]]
355 Coordinates: 
 [424, 271], [422, 272], [423, 272], [424, 272], [425, 272], [426, 272], [206, 277], [207, 277], [208, 277], [209, 277], [210, 277], [211, 277], [212, 277], [213, 277], [214, 277], [215, 277], [460, 315], [461, 315], [462, 315], [463, 315], [464, 315], [465, 315], [466, 315], [467, 315], [468, 315], [469, 315], [460, 316], [461, 316], [462, 316], [463, 316], [464, 316], [465, 316], [466, 316], [467, 316], [468, 316], [469, 316], [189, 324], [190, 324], [191, 324], [192, 324], [193, 324], [184, 325], [185, 325], [186, 325], [187, 325], [188, 325], [189, 325], [190, 325], [191, 325], [192, 325], [193, 325], [182, 326], [183, 326], [184, 326], [185, 326], [186, 326], [187, 326], [188, 326], [189, 326], [190, 326], [191, 326], [549, 393], [536, 394], [537, 394], [538, 394], [539, 394], [540, 394], [541, 394], [542, 394], [543, 394], [544, 394], [545, 394], [546, 394], [547, 394], [548, 394], [549, 394], [550, 394], [536, 395], [537, 395], [538, 395], [539, 395], [540, 395], [541, 395], [542, 395], [543, 395], [544, 395], [545, 395], [546, 395], [547, 395], [548, 395], [549, 395], [550, 395], [551, 395], [536, 396], [537, 396], [538, 396], [539, 396], [540, 396], [541, 396], [542, 396], [543, 396], [544, 396], [545, 396], [546, 396], [547, 396], [548, 396], [549, 396], [550, 396], [551, 396], [552, 396], [538, 397], [539, 397], [540, 397], [541, 397], [542, 397], [543, 397], [544, 397], [545, 397], [546, 397], [547, 397], [548, 397], [549, 397], [550, 397], [551, 397], [552, 397], [553, 397], [538, 398], [539, 398], [540, 398], [541, 398], [542, 398], [543, 398], [544, 398], [545, 398], [546, 398], [547, 398], [548, 398], [549, 398], [550, 398], [551, 398], [552, 398], [553, 398], [554, 398], [540, 399], [541, 399], [542, 399], [543, 399], [544, 399], [545, 399], [546, 399], [547, 399], [548, 399], [549, 399], [550, 399], [551, 399], [552, 399], [553, 399], [554, 399], [555, 399], [150, 414], [151, 414], [152, 414], [136, 415], [141, 415], [142, 415], [143, 415], [144, 415], [145, 415], [146, 415], [147, 415], [148, 415], [149, 415], [150, 415], [151, 415], [152, 415], [153, 415], [132, 416], [133, 416], [134, 416], [135, 416], [136, 416], [137, 416], [138, 416], [139, 416], [140, 416], [141, 416], [142, 416], [143, 416], [144, 416], [145, 416], [146, 416], [147, 416], [148, 416], [149, 416], [150, 416], [151, 416], [152, 416], [153, 416], [130, 417], [131, 417], [132, 417], [133, 417], [134, 417], [135, 417], [136, 417], [137, 417], [138, 417], [139, 417], [140, 417], [141, 417], [142, 417], [143, 417], [144, 417], [145, 417], [146, 417], [147, 417], [148, 417], [149, 417], [150, 417], [151, 417], [152, 417], [153, 417], [130, 418], [131, 418], [132, 418], [133, 418], [134, 418], [135, 418], [136, 418], [137, 418], [138, 418], [139, 418], [140, 418], [141, 418], [142, 418], [143, 418], [144, 418], [145, 418], [146, 418], [147, 418], [148, 418], [149, 418], [150, 418], [151, 418], [152, 418], [130, 419], [131, 419], [132, 419], [133, 419], [134, 419], [135, 419], [136, 419], [137, 419], [138, 419], [139, 419], [140, 419], [141, 419], [142, 419], [143, 419], [144, 419], [145, 419], [146, 419], [147, 419], [148, 419], [149, 419], [150, 419], [151, 419], [129, 420], [130, 420], [131, 420], [132, 420], [133, 420], [134, 420], [135, 420], [136, 420], [137, 420], [138, 420], [139, 420], [140, 420], [141, 420], [142, 420], [143, 420], [144, 420], [145, 420], [146, 420], [147, 420], [148, 420], [149, 420], [150, 420], [151, 420], [128, 421], [129, 421], [130, 421], [131, 421], [132, 421], [133, 421], [134, 421], [135, 421], [136, 421], [137, 421], [138, 421], [139, 421], [140, 421], [141, 421], [142, 421], [143, 421], [144, 421], [145, 421], [146, 421], [147, 421], [148, 421], [149, 421], [150, 421], [128, 422], [129, 422], [130, 422], [131, 422], [132, 422], [133, 422], [134, 422], [135, 422], [136, 422], [137, 422], [138, 422], [139, 422], [140, 422], [141, 422], [142, 422], [143, 422], [144, 422], [145, 422], [146, 422], [147, 422], [148, 422], [149, 422], [150, 422], [128, 423], [129, 423], [130, 423], [131, 423], [132, 423], [133, 423], [134, 423], [135, 423], [136, 423], [137, 423], [138, 423], [139, 423], [140, 423], [141, 423], [142, 423], [143, 423], [144, 423], [145, 423], [146, 423]
RETVAL: 
 True 
 RVEC: 
 [[-0.27452236]
 [ 3.05898485]
 [ 2.4246164 ]] 
 TVEC: 
 [[ 12.41874833]
 [  9.46378917]
 [ -8.27911471]]
Rotation Matrix: 
 [[-0.70848435  0.33780509 -0.61962702]
 [-0.52613563  0.33234241  0.78277061]
 [ 0.47035224  0.88058858 -0.0577281 ]] 

Inverse Rotation Matrix: 
 [[-0.70848435 -0.52613563  0.47035224]
 [ 0.33780509  0.33234241  0.88058858]
 [-0.61962702  0.78277061 -0.0577281 ]] 

Translation Vec: 
 [[ 12.41874833]
 [  9.46378917]
 [ -8.27911471]] 

Point: 
 [[ 39.8]
 [ 55.5]
 [  0. ]] 

inverse of Homogenous transform: 
 [[-8.79848885 -6.53394593  5.84118606]
 [ 3.1969162   3.14521853  8.33370462]
 [ 5.12996316 -6.48064765  0.47793759]] 

Euler Angles: 
 [[-0.70848435  0.33780509 -0.61962702]
 [-0.52613563  0.33234241  0.78277061]
 [ 0.47035224  0.88058858 -0.0577281 ]]
369 Coordinates: 
